 4 1.160250 0.000000
 0.00000   0.00000   0.00000   0.00000
 0.50000  -1.05408   0.50000   1.05408
 0.75000  -1.27075   0.75000   1.27075
 1.25000  -1.61633   1.25000   1.61633
 2.50000  -2.25117   2.50000   2.25117
 5.00000  -3.13625   5.00000   3.13625
 7.50000  -3.79600   7.50000   3.79600
10.00000  -4.32683  10.00000   4.32683
15.00000  -5.14258  15.00000   5.14258
20.00000  -5.72758  20.00000   5.72758
25.00000  -6.13600  25.00000   6.13600
30.00000  -6.39275  30.00000   6.39275
35.00000  -6.49458  35.00000   6.49458
40.00000  -6.45341  40.00000   6.45341
45.00000  -6.27466  45.00000   6.27466
50.00000  -5.97675  50.00000   5.97675
55.00000  -5.57700  55.00000   5.57700
60.00000  -5.09167  60.00000   5.09167
65.00000  -4.53483  65.00000   4.53483
70.00000  -3.92275  70.00000   3.92275
75.00000  -3.27817  75.00000   3.27817
80.00000  -2.62817  80.00000   2.62817
85.00000  -1.97817  85.00000   1.97817
90.00000  -1.32708  90.00000   1.32708
95.00000  -0.67708  95.00000   0.67708
100.00000  -0.02708  100.00000   0.02708
